Dados constantes da ata de apuramento geral.



                                                                          Votos
            Eleitores                                Votos    Votos
Distrito/RA           Abstenções         Votantes                     validamente    BE      PCP-PEV   PPD/PSD   MPT    PPM    MEP      PS      CDS-PP   PNR    MMS    PCTP/MRPP   POUS    PH
            inscritos                               brancos   nulos
                                                                       expressos
Aveiro         653165       413918        239247     13229    4579      221439      23283     13557     89115    1159   890    3246    56906     25531    519   3162     2693      330    1048
Beja           139318        87783         51535     1733      951       48851       4806     18016      7059     234   183     436    14197     2084     141   189      1232       85     189
Braga          774573       458651        315922     12626    4443      298853      27040     21610     114066   1367   1316   4081    90198     32158    662   1389     3395      420    1151
Bragança       164459       114780         49679     1417      880       47382       3289     2089      23267     255   194     462    12122     4783     116   173       427       65     140
Castelo
               199017       124734         74283     3439     1980       68864       7321     5438      24382     454   352     734    22563     5250     247   732       957      128     306
Branco
Coimbra        385601       242030        143571     8901     2904      131766      16723     11612     46674     782   539    2045    40787     9227     336   728      1498      186     629
Évora          148720        90673         58047     2190      976       54881       6074     17079     10534     273   161     557    15319     2964     171   237      1226       64     222
Faro           354913       239176        115737     6471     2477      106789      17314     11982     31661    1068   582    1644    28981     8961     675   721      2135      247     818
Guarda         181670       117360         64310     2568     1544       60198       5094     3288      26208     479   253     668    17344     5404     156   282       694      102     226
Leiria         427647       274416        153231     10863    4104      138264      15769     9977      58583    1110   561    2762    31312     14236    523   849      1454      275     853
Lisboa        1873315      1122051        751264     35086    15269     700909      95184     96064     195167   5617   3168   17641   199723    63744   4914   6186     8557      1036   3908
Portalegre     109368        69307         40061     1727      719       37615       3848     7174       9596     188   173     384    12435     2483     148   188       781       56     161
Porto         1560453       933938        626515     27150    10743     588622      65614     51733     199517   3324   2390   9838    191182    49692   1433   3006     6999      858    3036
Santarém       407001       251213        155788     8706     3954      143128      18964     18558     44601    1079   708    2444    39337     12547    622   911      2263      281     813
Setúbal        704925       437551        267374     12222    5708      249444      39342     68453     43994    1720   988    3804    64807     17058   1460   1587     4466      354    1411
Viana do
               262114       176744         85370     3791     1198       80381       7918     5297      32808     425   321     841    21935     9072     217   258       831      136     322
Castelo
Vila Real      251001       171232         79769     2354     1286       76129       5054     3461      37859     311   295     557    20889     6445     117   200       624       94     223
Viseu          394822       265082        129740     5737     2646      121357      10267     5192      56194     699   461    1742    31258     13025    326   490      1070      169     464
RA Madeira     262387       157845        104542     2523     2875       99144       5704     6946      54928    3040   535     748    15361     8716     340   304      1301      236     985
RA Açores      258441       200891         57550     3008      643       53899       3744     1812      22815     419   311     350    18921     4764     75    132       307       47     202
Estrangeiro    191649       186241         5408       89       39        5280        315       449       2716     59    33      88      1241      279     16    14        30        8      32
TOTAL
              9704559      6135616       3568943    165830    69918    3333195      382667   379787    1131744   24062 14414   55072   946818   298423   13214 21738     42940     5177   17139
PE2009
