       Dados constantes da ata de apuramento geral.




                 Eleitores                  Votos     Votos                                                                                                                PCP-     PPD/PSD.
Distrito/RA                   Votantes                          PS      PND      MPT     MAS     PAN     POUS   PTP     L      B.E.    PCTP/MRPP   PPV     PDA    P.N.R.                       PPM
                 inscritos                 brancos    nulos                                                                                                                PEV       CDS-PP
Aveiro             657279      219030        12520    6888     62963    1755    18688     836    2835    267    1353   3649    9259      3180       692    295     884     14709     77076     1181
Beja               131162       47418        1369     1039     16459     182     1491     121     493     32     173   597     1599      1291       86      48     195     16723      5364      156
Braga              785809      290161        13785    6676     94505    2078    22122    1198    2919    374    1737   4288    9987      4335       955    358     998     22157     100205    1484
Bragança           151527       43441        1612     1456     14884     465     2298     149     386     52     248   412     1073       502       107     57     140      1927     17433      240
Castelo
                   182356       64012        2741     2502     25491     452     4175     213     653     88     413   959     2197      1086       162     93     222      5301     16921      343
Branco
Coimbra            392298      128480        7112     3695     43461     806    10543     619    1666    125     616   2540    6812      1948       348    138     452     13109     33944      546
Évora              142965       53827        1889     1224     17790     166     2115     119     525     38     159   771     2008      1257       123     47     203     16801      8401      191
Faro               374218      106898        4951     3254     33181     825     7923     508    2581    140     720   2322    7378      2808       403    179     671     14989     23409      656
Guarda             165897       54580        2275     2003     19617     530     3211     191     662     93     326   589     1600       702       216     73     150      2965     19088      289
Leiria             464585      137471        8906     5220     33941    1183     9387     574    2199    169     760   2906    5805      1827       508    245     578     12060     50503      700
Lisboa            1902189      721261        28852    21958   216955    3695    47288    2872    17481   666    3196   25958   38680     11930     3588    989     4486    114980    173638    4049
Portalegre         102829       35739        1470     1034     14355     161     1589     114     308     32     140   360     1213       746       69      35     147      6843      6980      143
Porto             1597032      591899        24987    16434   201174    3749    49897    2057    9748    604    3154   11634   27845     9598      1708    854     2270    58580     164440    3166
Santarém           396411      138015        6743     4706     43947     912     9449     542    2018    158     798   2415    6610      2553       525    211     678     19341     35566      843
Setúbal            725197      258314        9031     7539     74465    1106    16104     859    5810    213    1190   6173    15497     5632       879    312     1396    75111     35885     1112
Viana do
                   255160       77885        4264     2182     22934     816     6390     285     924    110     497   1146    2570      1188       238    117     300      6076     27426      422
Castelo
Vila Real          225633       65956        2345     1927     23117     697     3530     246     504     88     440   707     1319       770       437     87     180      3334     25891      337
Viseu              373961      114492        5532     3695     35615    1052     7379     357    1107    137     616   1482    3255      1350       373    143     370      5671     45791      567
RA Madeira         254550       87391        1727     5826     19723    1988     8751     462    2919    232    5738   1765    3209      1489       479    366     446      4197     27082      992
RA Açores          227894       43106        1696      431     18502     282     2303     157     562     41     227   636     1653       472       85     622      94      1707     13307      329
Estrangeiro        244616       5077          150      35      1170      182     155      18      131     7      41    186      195       44        27      29      27      344       2297      39


 TOTAL
                 9753568      3284453      143957     99724   1034249   23082   234788   12497   56431   3666   22542 71495 149764       54708     12008   5298   14887    416925   910647     17785
 PE2014
