   Dados constantes da ata de apuramento geral.




              Eleitores                            Votos    Votos                                                                                                                             PPM.
  Distrito                Votantes   Abstenções                     PCTP/MRPP   PDR      PAN       PS       A      PNR      NC     PTP    PPD/PSD    B.E.     IL     MAS    CDS-PP   PURP               L      PCP-PEV
              inscritos                           brancos   nulos                                                                                                                            PPV/CDC

Aveiro         642659     218005       424654     11946     6266      1377      1232     9544     68073    3003     894    2286    564     60892    20496    1656    359    16783     738     2100     3024     6772
Beja           123753      39769       83984       1265      960       846       104     1181     14572     385     163     209     61     3504      3524     126     60     1444     117      778      440     10030
Braga          774875     293558       481317     16557     7737      2010      1403    11176     98338    3371    1048    2558    739     80907    23980    1916    1212   21745     842     2857     3778     11384
Bragança       140614      40345       100269      1380     1292       276       210     883      14008     460     171     248    124     13947     2653     181     83     2619     141      475      286      908
Castelo
               170442      59280       111162      2483     2183       485       266     1877     23198    1094     261     490    175     12734     5919     291    131     2852     292      939      759     2851
Branco
Coimbra        378780     128838       249942      6937     3274       846       736     5275     45557    2812     611    1343    206     27150    16791     815    266     5637     426     1245     2141     6770
Évora          136580      47266       89314       1922      887       814       111     1412     16491     800     184     305     67     5791      4383     246     58     2388     150     1036      649     9572
Faro           377140     101725       275415      4473     2448      1107       499     6247     34792    1772     666    1442    282     17228    13190     639    213     4811     561     2126     1749     7480
Guarda         151883      50158       101725      2242     1907       422       230     1217     17403     821     196     293    147     15334     3689     191     98     3000     212      690      475     1591
Leiria         405781     138588       267193      8560     4994       861       685     6466     38302    2949     666    1542    330     37767    13163     973    299     9692     546     2172     2309     6312
Lisboa        1919306     769689      1149617     25347     16777     5884      2952    52033    252036    22554   4597    8269    1472   126548    81228    9953    1399   53770    3027     16814    21655    63374
Portalegre     96726       31136       65590       1224      807       425       74      697      13179     415     180     177     52     4527      2450     119     44     1709     125      721      293     3918
Porto         1591946     599634       992312     24956     15653     4591      3235    33545    207140    8034    2316    7875    1291   140202    61492    6941    921    33890    1959     5203     10529    29861
Santarém       376847     130351       246496      6403     4181      1275       537     5118     44494    2398     787    1158    312     26712    12940     794    236     7464     581     2581     1897     10483
Setúbal        735030     258738       476292      8121     6092      2943       907    17053     90066    4267    1683    2525    480     26722    30728    1620    395     9814    1176     4887     4919     44340
Viana do
               240910      75780       165130      4246     2090       669       664     2799     24404     946     329    1020    254     20787     6358     411    150     5432     292      784      897     3248
Castelo
Vila Real      218089      63035       155054      2312     1925       422       282     1666     21509     881     280     397    188     22519     4190     258    104     3039     175      645      660     1583
Viseu          348584     106407       242177      5546     3628       666       445     3593     34656    1745     388     935    256     32629     8161     485    174     7092     397     1365     1225     3021
RA
               256026      98650       157376      1293     3986       959       804     3680     25503    1595     410     971    1256    36646     5189     987    281     7937    1578     1319     1350     2906
Madeira
RA Açores      229079      42880       186199      3256      937       253       153     1571     17500    1042     139     338     76     8876      3197     195    101     2802     125      532      706     1081
Nacional      9315050     3293832     6021218     140469    88024     27131     15529   167033   1101221   61344   15969   34381   8332   721422    323721   28797   6584   203920   13460    49269    59741   227485
Estrangeiro   1442142      13812      1428330      175       75        80        222     982      3473      308     166     253     80     3977      1372     317     28     872      48       119      705      560
Total
              10757192    3307644     7449548     140644    88099     27211     15751 168015 1104694 61652 16135 34634 8412               725399    325093 29114 6612       204792   13508    49388    60446   228045
PE2019
